20 20
....................
....................
......#.............
.....#..............
....................
.......#............
....................
....................
#.#.....#...#..##...
...................#
....#....#..........
#............#....#.
.#.#................
......##............
......#.............
....#..........#....
.#..................
.........#.......#.#
.#.##............#..
.#..................
10
4 18
1 16
0 8
7 13
12 8
5 3
6 13
6 14
2 8
4 10
5
16 8
19 9
3 12
15 8
17 18
5
14 0
1 11
9 13
2 17
11 7
30
5 7 6 8 9 0
2 8 7
5 0 3 3 3 7
4 2 6 5 2
2 5 8
3 9 6 0
5 1 0 4 8 7
1 8
2 2 4
3 9 3 9
3 8 3 0
2 7 8
5 1 5 4 9 2
1 7
5 9 9 4 5 9
4 5 7 0 8
2 9 9
3 8 2 5
4 4 9 0 2
1 1
5 6 2 1 2 0
3 3 1 1
5 0 5 6 7 7
5 0 6 4 7 4
4 5 8 2 6
1 6
2 4 6
3 8 9 6
1 7
1 1
