28 10
#...........................
#...........................
#...######..######..######..
#...######..######..######..
#...........................
#...........................
#...######..######..######..
#...######..######..######..
#...........................
#...........................
48
5 2
5 3
6 2
6 3
7 2
7 3
8 2
8 3
5 6
5 7
6 6
6 7
7 6
7 7
8 6
8 7
13 2
13 3
14 2
14 3
15 2
15 3
16 2
16 3
13 6
13 7
14 6
14 7
15 6
15 7
16 6
16 7
21 2
21 3
22 2
22 3
23 2
23 3
24 2
24 3
21 6
21 7
22 6
22 7
23 6
23 7
24 6
24 7
5
0 2
0 3
0 4
0 5
0 6
5
1 2
1 3
1 4
1 5
1 6
30
4 22 9 19 17
1 10
3 9 13 26
3 2 43 35
2 12 18
3 40 11 8
3 45 38 26
3 19 19 31
5 42 6 18 29 39
4 40 19 10 21
4 21 23 8 25
4 20 11 18 29
2 43 20
2 33 14
1 4
2 33 45
5 39 32 41 46 33
4 17 12 39 30
1 14
3 26 44 27
1 31
4 12 26 44 0
4 11 2 31 12
1 44
4 43 28 34 42
5 35 27 10 26 10
3 9 17 38
3 12 28 20
2 8 14
2 9 41
