30 14
##############################
#............................#
#............................#
#............................#
#...######..######..######...#
#...######..######..######...#
#............................#
#............................#
#...######..######..######...#
#...######..######..######...#
#............................#
#............................#
#............................#
##############################
48
5 4
5 5
6 4
6 5
7 4
7 5
8 4
8 5
5 8
5 9
6 8
6 9
7 8
7 9
8 8
8 9
13 4
13 5
14 4
14 5
15 4
15 5
16 4
16 5
13 8
13 9
14 8
14 9
15 8
15 9
16 8
16 9
21 4
21 5
22 4
22 5
23 4
23 5
24 4
24 5
21 8
21 9
22 8
22 9
23 8
23 9
24 8
24 9
8
14 0
0 6
14 13
29 6
15 0
0 7
15 13
29 7
8
14 1
1 6
14 12
28 6
15 1
1 7
15 12
28 7
30
4 22 9 19 17
1 10
3 9 13 26
3 2 43 35
2 12 18
3 40 11 8
3 45 38 26
3 19 19 31
5 42 6 18 29 39
4 40 19 10 21
4 21 23 8 25
4 20 11 18 29
2 43 20
2 33 14
1 4
2 33 45
5 39 32 41 46 33
4 17 12 39 30
1 14
3 26 44 27
1 31
4 12 26 44 0
4 11 2 31 12
1 44
4 43 28 34 42
5 35 27 10 26 10
3 9 17 38
3 12 28 20
2 8 14
2 9 41
